,Protocol,Flow Duration,Total Fwd Packets,Total Backward Packets,Fwd Packets Length Total,Bwd Packets Length Total,Fwd Packet Length Max,Fwd Packet Length Min,Fwd Packet Length Mean,Fwd Packet Length Std,Bwd Packet Length Max,Bwd Packet Length Min,Bwd Packet Length Mean,Bwd Packet Length Std,Flow Bytes/s,Flow Packets/s,Flow IAT Mean,Flow IAT Std,Flow IAT Max,Flow IAT Min,Fwd IAT Total,Fwd IAT Mean,Fwd IAT Std,Fwd IAT Max,Fwd IAT Min,Bwd IAT Total,Bwd IAT Mean,Bwd IAT Std,Bwd IAT Max,Bwd IAT Min,Fwd PSH Flags,Fwd Header Length,Bwd Header Length,Fwd Packets/s,Bwd Packets/s,Packet Length Min,Packet Length Max,Packet Length Mean,Packet Length Std,Packet Length Variance,FIN Flag Count,SYN Flag Count,RST Flag Count,PSH Flag Count,ACK Flag Count,URG Flag Count,ECE Flag Count,Down/Up Ratio,Avg Packet Size,Avg Fwd Segment Size,Avg Bwd Segment Size,Subflow Fwd Packets,Subflow Fwd Bytes,Subflow Bwd Packets,Subflow Bwd Bytes,Init Fwd Win Bytes,Init Bwd Win Bytes,Fwd Act Data Packets,Fwd Seg Size Min,Active Mean,Active Std,Active Max,Active Min,Idle Mean,Idle Std,Idle Max,Idle Min
Protocol,1.0,-0.25058489170006215,-0.3994543847977128,-0.1467330475802983,0.055857246279495516,-0.1173489370715496,0.03902454954553114,0.9540420670738353,0.07430793302958318,-0.2929710893631789,-0.12145849603592368,0.914439358003294,-0.048869076921972655,-0.28628745279244483,0.24010217636926096,0.23237580207284003,-0.21635831549937204,-0.17687589977062126,-0.24913067390562224,0.10965835081101,-0.2843413181822597,-0.2889386533574951,-0.2941813855121416,-0.28955193301984405,-0.25176502635258746,-0.20581347514518764,-0.19876071341439583,-0.2732728212289246,-0.2042266825988757,-0.13144579353979458,-0.03202883404872328,-0.3963713933140713,-0.1664743004975552,0.22775630665517077,0.24525599993538527,0.9592804075852103,-0.12137639212183847,-0.07134501780742732,-0.13521574175520037,-0.13521574175520076,-0.008569867601969677,-0.03202883404872328,-0.24578476907906063,-0.3152023093618122,-0.18175638083272336,-0.024708811270887386,-0.2457864155958997,0.23843980087715252,-0.040036309647115055,0.07430793302958318,-0.048869076921972655,-0.3994543847977128,0.055857246279495516,-0.1467330475802983,-0.1173489370715496,-0.42785756907502864,-0.3015654443594534,-0.14200692727316852,-0.630826877686761,-0.051556332652371535,-0.05454327023941079,-0.05163031045621641,-0.051570658657553795,-0.17047152950464986,-0.11052197873875563,-0.1694215353725628,-0.1714992106611837
Flow Duration,-0.25058489170006215,1.0,0.07706397579991621,-0.0996941252604203,-0.23661911599370097,-0.04176710486771956,-0.29643705782105956,-0.22620295515107608,-0.3766281368555743,-0.25099226337825375,-0.05781000396972946,-0.24750445153958353,-0.17266508600411018,-0.10123149324675781,-0.7325404757936081,-0.9668481846598656,0.9579600324428388,0.2060512414085959,0.9815624685689596,0.2961468213574106,0.7291894599599851,0.7062060283817087,0.014176784303000756,0.7293727837400589,0.3766080528339588,0.1660931057093244,0.15938813991483772,0.1630642382877465,0.15696976597756976,-0.10207474971694933,-0.074026060459063,0.07024745428588118,-0.04714826847301405,-0.9682915334385737,-0.755064635414215,-0.22977244803724692,-0.057241377709063394,-0.2834562656046622,-0.17801766245672412,-0.17801766245641343,-0.03291090188598232,-0.074026060459063,-0.3307322357060803,-0.24207459778959672,0.37163147318743384,-0.04059333362203229,-0.3307222384765326,-0.43209896564179423,-0.31583257466870707,-0.3766281368555743,-0.17266508600411018,0.07706397579991621,-0.23661911599370097,-0.0996941252604203,-0.04176710486771956,-0.3829207440624948,-0.24664423523507162,-0.03417348981885825,0.18119365602981807,0.34659000725949374,0.30894560570297963,0.34694417258751153,0.34628307360075966,0.6981694650550315,0.33423498677840136,0.698485354688111,0.69726148602357
Total Fwd Packets,-0.3994543847977128,0.07706397579991621,1.0,0.8013756315132022,0.7791113408835306,0.7225807489620353,0.7360525297099954,-0.40638401310225636,0.658504688287105,0.7986400661074262,0.7112350059790181,-0.42169313950943843,0.5361862342151555,0.6231480497533305,0.3340537796645138,0.09809662950961225,-0.13007462231252345,0.7783079589316835,-0.01869922139500528,-0.626073872279668,0.08920774857313535,-0.03237232645855895,0.9151050144026147,0.03821301566670532,-0.37087592110196854,0.7782258097068833,0.7529742257314361,0.7146569516868113,0.7489569372368976,0.6764796818154565,0.006514234160234971,0.9591084028769097,0.8449564229938165,0.08388967813484906,0.2505046198147539,-0.40679632107933406,0.7549722913442288,0.6840617867308308,0.6060011955579976,0.606001195556325,-0.02797628103068687,0.006514234160234971,0.40583910389908723,0.7078026433409859,-0.5147182145116095,-0.06559081194060158,0.40584905196615867,0.11235853402795021,0.6442847797286874,0.658504688287105,0.5361862342151555,1.0,0.7791113408835306,0.8013756315132022,0.7225807489620353,0.41494894606227983,0.758664449030172,0.8955436753997574,0.3988479052155322,0.3422976204106487,0.31870950411629867,0.3427232030667458,0.34187997203801584,-0.2433502538949299,0.30646727332897333,-0.24080378387467813,-0.24740498094492583
Total Backward Packets,-0.1467330475802983,-0.0996941252604203,0.8013756315132022,1.0,0.7784401026411262,0.9157003764519486,0.738978371318707,-0.18233440759662717,0.6848134005911487,0.744000529892296,0.9041065659463787,-0.15855200116609441,0.7739827944120465,0.7871922171044209,0.5322107732414478,0.2510161851338868,-0.27793057968723917,0.7458004046477453,-0.1769883796593336,-0.7385680521741209,-0.20275953502503194,-0.301651358843919,0.7685333817486091,-0.24924898344308066,-0.4964266682747718,0.8756250383446126,0.8449812963793016,0.8461998987245571,0.8518124918147502,0.6843426709155447,-0.08146962831822208,0.7980981735198909,0.9648988723418928,0.2143812481376876,0.5244645625877599,-0.18390285380142687,0.892186972175152,0.7893065143700442,0.7766931125769732,0.7766931125768557,-0.015569889694386487,-0.08146962831822208,0.5645042948058946,0.844461903459944,-0.76315495960295,-0.02548520977570628,0.5644953113250534,0.5311650163747991,0.7604252275891391,0.6848134005911487,0.7739827944120465,0.8013756315132022,0.7784401026411262,1.0,0.9157003764519486,0.4737176336649851,0.7900982605545916,0.9062832749398717,0.1443541828550374,0.2904763581005896,0.29533723763579284,0.2911666990870818,0.28983283990103137,-0.37770568905579616,0.2449551354193079,-0.3764162512189506,-0.38028555734344144
Fwd Packets Length Total,0.055857246279495516,-0.23661911599370097,0.7791113408835306,0.7784401026411262,1.0,0.6488777197406228,0.9794006005402974,0.029415546085447754,0.9478027822811826,0.8827727815334449,0.6400035701437886,0.010871544326064847,0.49474734554639593,0.4654347412204063,0.6651894551657599,0.41034715385584813,-0.4365632734883497,0.5304073277631338,-0.3399862629684638,-0.5818541654672562,-0.05867230324663613,-0.17049058648815638,0.7941446878848205,-0.10696225293208877,-0.44821431272164397,0.6031248973616476,0.5675029945891619,0.5060214281930022,0.5598835148428843,0.6472353625566948,0.022732190755198903,0.7507656648692896,0.8200296888906974,0.39233777306950457,0.5780209370699525,0.030490498669428694,0.683814210712477,0.8183294210734745,0.5427561991356634,0.542756199130048,-0.0265368115334139,0.022732190755198903,0.36160461800444565,0.5951264171001164,-0.6250183843895746,-0.04054825371798359,0.3616122630762011,0.28824965743648223,0.7988708870266048,0.9478027822811826,0.49474734554639593,0.7791113408835306,1.0,0.7784401026411262,0.6488777197406228,0.378794610326084,0.7478857675978712,0.8443331166985392,0.10287127552357886,0.2509209250275689,0.2321661508190147,0.2513035223978024,0.25032683541351997,-0.364443000795796,0.19422990355522585,-0.36185725029001103,-0.36838993593092556
Bwd Packets Length Total,-0.1173489370715496,-0.04176710486771956,0.7225807489620353,0.9157003764519486,0.6488777197406228,1.0,0.6206729818792592,-0.15434841180755307,0.5689037286324043,0.638839085994836,0.9930010420213652,-0.1271322183206133,0.905019733232247,0.8937438887188988,0.4746760706873134,0.16285189153650936,-0.18484587168822347,0.7557941683149111,-0.09172313266460735,-0.7432072212072438,-0.2840904298570607,-0.3734595227674476,0.6525334229931963,-0.3190467764278392,-0.533116539322799,0.8788231276612728,0.8602112911920204,0.8733432604777843,0.8696746759251751,0.635758014459545,-0.11187158753270045,0.7221445096322363,0.8817815204109937,0.12915020722933143,0.43120015998668576,-0.15183983590008454,0.9791168342334832,0.7993729301925703,0.8851237202501799,0.8851237202501275,-0.029411920180582776,-0.11187158753270045,0.6211201664985979,0.8097069346145691,-0.7458679225123723,-0.07604411054118523,0.6211117652615251,0.5425575390690669,0.7777015286650716,0.5689037286324043,0.905019733232247,0.7225807489620353,0.6488777197406228,0.9157003764519486,1.0,0.43134219994989353,0.6902312259859746,0.8350037955011799,0.10935655524838764,0.2191219251662876,0.22288955192674,0.2195967889751387,0.2181431534659968,-0.3768694699396656,0.1712954930000561,-0.3760614515642899,-0.3786612074878245
Fwd Packet Length Max,0.03902454954553114,-0.29643705782105956,0.7360525297099954,0.738978371318707,0.9794006005402974,0.6206729818792592,1.0,0.012578453370495315,0.975642336588435,0.9195684573901193,0.6170522995206491,0.011034823396279545,0.4941431336898203,0.4648386535396685,0.699108539682236,0.4471586032124538,-0.47166147669292596,0.497681577009669,-0.3857881524191341,-0.5703099896373097,-0.11162653381093363,-0.20663952222933996,0.7673463255194497,-0.152242039308949,-0.44826410402879685,0.5695145386635421,0.5396280406458549,0.4804008446187561,0.5302194552982707,0.661030977148406,0.015130189382576318,0.7135716355973036,0.7905011705871655,0.42908033732797524,0.6191285441973498,0.01368249362457966,0.6642182178098698,0.8326570623878098,0.5495425384844396,0.549542538468092,-0.02603948420641477,0.015130189382576318,0.4063519409696307,0.588268317617788,-0.607530286688669,-0.03898938870990146,0.4063530670166007,0.31696902389603293,0.8186051304552493,0.975642336588435,0.4941431336898203,0.7360525297099954,0.9794006005402974,0.738978371318707,0.6206729818792592,0.40846457103192146,0.7632494963956704,0.7847790872527562,0.12174746171631218,0.1935303857379571,0.17780868032590047,0.19413299180700616,0.19311720493237833,-0.39368816241584875,0.14013664084904984,-0.3918603348065192,-0.3965426646215446
Fwd Packet Length Min,0.9540420670738353,-0.22620295515107608,-0.40638401310225636,-0.18233440759662717,0.029415546085447754,-0.15434841180755307,0.012578453370495315,1.0,0.05094035796495226,-0.33405326812461045,-0.15865779095132135,0.9401410885186433,-0.08299464164727455,-0.32630423192347247,0.21894009939953454,0.20720626620023463,-0.1910669790157393,-0.18282899527357577,-0.22629220940086348,0.14578405445534257,-0.2597225097255656,-0.2656689238353754,-0.3059198942606543,-0.2667810133241382,-0.22844263840695636,-0.23565389644940613,-0.22811662450577833,-0.30881099349306784,-0.2339583176576496,-0.15817745751100978,0.0007632416457749729,-0.4549117563181147,-0.20344403752984425,0.20277686903652178,0.22424018779878876,0.9945033790365718,-0.15735708293315837,-0.10314194373125977,-0.17243297698656518,-0.17243297698656565,-0.009783899311908541,0.0007632416457749729,-0.2806033354024656,-0.35985476099633323,-0.19604524472607887,-0.005106783469372847,-0.2806052151695422,0.22535119906676085,-0.06994094444165924,0.05094035796495226,-0.08299464164727455,-0.40638401310225636,0.029415546085447754,-0.18233440759662717,-0.15434841180755307,-0.4866929825153675,-0.33931645332346727,-0.1743443728351587,-0.709677151351698,-0.030109018428116193,-0.04270327783765558,-0.030228163914318238,-0.030132488842394518,-0.13471069190351254,-0.031712836707017085,-0.1333492918152996,-0.13617642128561797
Fwd Packet Length Mean,0.07430793302958318,-0.3766281368555743,0.658504688287105,0.6848134005911487,0.9478027822811826,0.5689037286324043,0.975642336588435,0.05094035796495226,1.0,0.9149207454524453,0.5698057340642777,0.04303980752364665,0.49102407019166117,0.45148894402961265,0.7522357270977069,0.5099218443673922,-0.532361792121516,0.4365773388021411,-0.4543051374196314,-0.5604165883862228,-0.17869475572457424,-0.25653161306314876,0.7134409629797319,-0.20991312957083605,-0.4406265654251367,0.5058825140251357,0.4783745832553496,0.42049310094072323,0.4694148015976795,0.6615055607200206,0.0036252035665608855,0.6366777388922626,0.7315455926267982,0.49137943260189554,0.6785886167209074,0.051131343675963024,0.615946646473389,0.8495306871713793,0.5440157432882504,0.5440157432866968,-0.028721007923004638,0.0036252035665608855,0.4514802913052269,0.5740144961574527,-0.6139318065054791,-0.04502445476088105,0.4514825942428462,0.36325090596032367,0.8418311115227817,1.0,0.49102407019166117,0.658504688287105,0.9478027822811826,0.6848134005911487,0.5689037286324043,0.4269882745270837,0.7449771954593501,0.7231239859964053,0.06902007976710921,0.09330691231293543,0.0681128972505635,0.09317182965688302,0.09294759687295476,-0.4422795710808892,0.04082435554087847,-0.44002747280662935,-0.44530810266943166
Fwd Packet Length Std,-0.2929710893631789,-0.25099226337825375,0.7986400661074262,0.744000529892296,0.8827727815334449,0.638839085994836,0.9195684573901193,-0.33405326812461045,0.9149207454524453,1.0,0.6421793484798213,-0.31421468242358674,0.5400964330406969,0.5942249082302502,0.6240169463196021,0.38529812350886644,-0.41235584379204615,0.5361695026295666,-0.32434913843729635,-0.6145290203219854,-0.1001860735701097,-0.17549187333793284,0.8001107102817825,-0.1294836394790046,-0.37302283093604166,0.6205964314422506,0.5951705150591633,0.5683863435350651,0.5881471476699882,0.7156816941411952,0.013723955604459057,0.7963162758078989,0.7954150288512543,0.36860065695587185,0.5488528676243556,-0.33261026883940653,0.6867854116087769,0.8491154063711388,0.6263063550856903,0.6263063550768792,-0.023767209773875742,0.013723955604459057,0.5592358390299541,0.702985442925094,-0.5288254410542437,-0.041960210834645593,0.5592368781842819,0.28024194612438086,0.8283607466621958,0.9149207454524453,0.5400964330406969,0.7986400661074262,0.8827727815334449,0.744000529892296,0.638839085994836,0.5749863664642639,0.8416890887547354,0.7741998887072035,0.3286125280186533,0.11611497757136544,0.10270770989258607,0.11634968707669704,0.11574262746740002,-0.3815558783410336,0.06393072602945069,-0.38061209243038996,-0.3831774116148554
Bwd Packet Length Max,-0.12145849603592368,-0.05781000396972946,0.7112350059790181,0.9041065659463787,0.6400035701437886,0.9930010420213652,0.6170522995206491,-0.15865779095132135,0.5698057340642777,0.6421793484798213,1.0,-0.13403633952631291,0.9122935400758563,0.90301271014532,0.48512287564208084,0.1742374166573212,-0.19556525646519932,0.743360991804092,-0.10435468017180502,-0.7454957536318454,-0.3061167466571558,-0.3912998089833119,0.6440670854229861,-0.3375080807361052,-0.546049864399278,0.8685492338794998,0.8503005254591006,0.8672815101122466,0.8593932673877477,0.6308914164100419,-0.12304084866728261,0.7131639687912232,0.8710343693743908,0.14151740232675172,0.4406333609512978,-0.1561463421966389,0.9859505111023487,0.8061728254822641,0.8935031283755243,0.8935031283754995,-0.02933806914887018,-0.12304084866728261,0.6377773646703508,0.8168818029069508,-0.7509669210506799,-0.07569075336202528,0.6377689554566414,0.546790860005172,0.7857491335550335,0.5698057340642777,0.9122935400758563,0.7112350059790181,0.6400035701437886,0.9041065659463787,0.9930010420213652,0.4389009409998689,0.6933543045201866,0.8202535499559422,0.10534812134793144,0.19214804162786717,0.19199139752412975,0.19234416923623932,0.1916739956700202,-0.38986884113002696,0.14266722780543542,-0.3891884174135556,-0.39147411446026875
Bwd Packet Length Min,0.914439358003294,-0.24750445153958353,-0.42169313950943843,-0.15855200116609441,0.010871544326064847,-0.1271322183206133,0.011034823396279545,0.9401410885186433,0.04303980752364665,-0.31421468242358674,-0.13403633952631291,1.0,-0.053539640724977536,-0.31465688620339016,0.2257721354068255,0.2124066389895962,-0.19625726936248986,-0.18263412905651405,-0.23378133518337105,0.1493516049250648,-0.2861628891671205,-0.2779109356280742,-0.31182257229153354,-0.2852463060040548,-0.24181651235257204,-0.21973161614650769,-0.2122947859090214,-0.2956315489729896,-0.21809281318417573,-0.14076683570219567,0.021777270674874623,-0.45660231638823856,-0.1801272262789317,0.2031843487154386,0.25517978090601334,0.9453652934747108,-0.14854205732212347,-0.10112608312977867,-0.14928607738125912,-0.14928607738125954,-0.00909594643121425,0.021777270674874623,-0.27098429643511446,-0.34751899540877934,-0.18510459845321955,-0.027242126772451327,-0.2709861117640662,0.24751558184060063,-0.06720708720350499,0.04303980752364665,-0.053539640724977536,-0.42169313950943843,0.010871544326064847,-0.15855200116609441,-0.1271322183206133,-0.4670758509223424,-0.31931543151266556,-0.20380553902250714,-0.6836406735739239,-0.03178509331333707,-0.04357953292454247,-0.032249726393262665,-0.03137718613959298,-0.1318725295805134,-0.04888996664033452,-0.13173578856644974,-0.1320602122142574
Bwd Packet Length Mean,-0.048869076921972655,-0.17266508600411018,0.5361862342151555,0.7739827944120465,0.49474734554639593,0.905019733232247,0.4941431336898203,-0.08299464164727455,0.49102407019166117,0.5400964330406969,0.9122935400758563,-0.053539640724977536,1.0,0.9522006479087775,0.5458442700487854,0.24533869299179298,-0.26016883022078935,0.6790334666118728,-0.17791465946238935,-0.764192873747209,-0.4661346663247196,-0.5340889380381536,0.5021944477830146,-0.48879406422797683,-0.5571258812987467,0.7630563499969667,0.770947178670183,0.7964672634913895,0.7853782692232422,0.5530757341448166,-0.12074693359629016,0.5394934668703713,0.7284904183662205,0.20491899003736386,0.5127835462804872,-0.08027864131879595,0.8927537284315417,0.7992596428215734,0.9677457171517804,0.9677457171518372,-0.027768128070227334,-0.12074693359629016,0.719606644322179,0.7831774770311696,-0.7600294258390304,-0.08275723176175227,0.7195981980929744,0.6950628485856611,0.8032190565510204,0.49102407019166117,1.0,0.5361862342151555,0.49474734554639593,0.7739827944120465,0.905019733232247,0.4598201207341029,0.5695322912096155,0.6655306491973002,-0.008475871951823354,0.14000150700972575,0.13840489786231533,0.1399082443536968,0.13936307485372262,-0.4157767959380047,0.0926634710283114,-0.41509987654308195,-0.4172609845301165
Bwd Packet Length Std,-0.28628745279244483,-0.10123149324675781,0.6231480497533305,0.7871922171044209,0.4654347412204063,0.8937438887188988,0.4648386535396685,-0.32630423192347247,0.45148894402961265,0.5942249082302502,0.90301271014532,-0.31465688620339016,0.9522006479087775,1.0,0.456362304940254,0.17600564845029928,-0.19444301373758024,0.7075021739666782,-0.10791388174345382,-0.772140692131712,-0.379988846457626,-0.4451412975710828,0.5612314808059476,-0.40211490618737733,-0.47171795493896646,0.794511881094977,0.80286060562677,0.85128515990752,0.8175441302734764,0.5702327513098249,-0.1191744708085259,0.6351074380445999,0.7493036649908658,0.13842292038546183,0.4243094857987762,-0.3250971337219797,0.8878724935925655,0.7670088463220816,0.9587699043991925,0.9587699043985551,-0.02448123292476699,-0.1191744708085259,0.756550075359864,0.8441015991040169,-0.6823596269777835,-0.07176959376218062,0.7565424103231843,0.6094136723824591,0.7589556927252663,0.45148894402961265,0.9522006479087775,0.6231480497533305,0.4654347412204063,0.7871922171044209,0.8937438887188988,0.5557800154120157,0.623961592267515,0.6936847969246824,0.17669409837096087,0.14253949035762684,0.14446115616301705,0.14271463643617288,0.1421913827158654,-0.36768588625523707,0.10189792215150793,-0.36715113880069783,-0.3689646817131127
Flow Bytes/s,0.24010217636926096,-0.7325404757936081,0.3340537796645138,0.5322107732414478,0.6651894551657599,0.4746760706873134,0.699108539682236,0.21894009939953454,0.7522357270977069,0.6240169463196021,0.48512287564208084,0.2257721354068255,0.5458442700487854,0.456362304940254,1.0,0.8095896009028731,-0.8218402803593564,0.15949835843433072,-0.7637517747441933,-0.5580547260227372,-0.5713577636332264,-0.6205594468584201,0.35901214657884056,-0.5956734827466547,-0.49667064372974884,0.2525874438399958,0.24320889439389595,0.2200684877110891,0.24715530420357856,0.44088099892677013,0.06668741427683418,0.30329924379925965,0.47891976608802855,0.7815870881448005,0.9237535547565615,0.22048313243775727,0.49512180451808213,0.707289800611696,0.5555653704467817,0.5555653704452972,-0.03571642615647206,0.06668741427683418,0.563984091700946,0.5762586997329703,-0.7174587418988243,-0.09070469033792118,0.563979081774677,0.6171450223256264,0.7277477655511758,0.7522357270977069,0.5458442700487854,0.3340537796645138,0.6651894551657599,0.5322107732414478,0.4746760706873134,0.4800731350317483,0.5572140003361555,0.5001134449092848,-0.21975750484951379,-0.13463135998162207,-0.1130233382850155,-0.13472356253810697,-0.13469282033050026,-0.5722052715611192,-0.13925193954587492,-0.5716334681852953,-0.5731217973430306
Flow Packets/s,0.23237580207284003,-0.9668481846598656,0.09809662950961225,0.2510161851338868,0.41034715385584813,0.16285189153650936,0.4471586032124538,0.20720626620023463,0.5099218443673922,0.38529812350886644,0.1742374166573212,0.2124066389895962,0.24533869299179298,0.17600564845029928,0.8095896009028731,1.0,-0.9985159551339674,-0.09378374833543017,-0.9874704234725081,-0.40069772719323743,-0.664809198301044,-0.683129751289537,0.15358998247769678,-0.685045300142304,-0.4323254885125145,-0.04448915326092582,-0.05142509065900651,-0.062044336541565624,-0.04866386264416863,0.1947505003893479,0.07600638927946826,0.09684652204684144,0.1988824942974369,0.9961790731453789,0.8104892488747367,0.2102213710709715,0.17838008294156563,0.413223469834773,0.2553356315425475,0.25533563153938016,0.030431056533944185,0.07600638927946826,0.3707280143343856,0.34690131952426234,-0.47211409566860296,0.03662063423474186,0.3707199876883596,0.4507691601982435,0.43723788555551385,0.5099218443673922,0.24533869299179298,0.09809662950961225,0.41034715385584813,0.2510161851338868,0.16285189153650936,0.4393165856587063,0.38084052672037993,0.21055304831468263,-0.16561729221408697,-0.2393636920607886,-0.1991701005519965,-0.2393877299993525,-0.23943800985096828,-0.700519114269177,-0.23079827938517974,-0.700272731772549,-0.7006081429250596
Flow IAT Mean,-0.21635831549937204,0.9579600324428388,-0.13007462231252345,-0.27793057968723917,-0.4365632734883497,-0.18484587168822347,-0.47166147669292596,-0.1910669790157393,-0.532361792121516,-0.41235584379204615,-0.19556525646519932,-0.19625726936248986,-0.26016883022078935,-0.19444301373758024,-0.8218402803593564,-0.9985159551339674,1.0,0.07097062421798207,0.982314916388815,0.41861100929251843,0.6515143382911218,0.6737689787336973,-0.18331409336564744,0.6732618767266763,0.4320127750956741,0.02089382127849203,0.028957021870334835,0.04225030822906863,0.026587329475656542,-0.21780337580240783,-0.07609709205745889,-0.12690072172840833,-0.22584556756259266,-0.9933292761518211,-0.8206513331270245,-0.19383315158414374,-0.20004617375228437,-0.43599024195242053,-0.2717940665289583,-0.27179406652555566,-0.0295523938509998,-0.07609709205745889,-0.3859231752667081,-0.37091722989495346,0.48793913052712673,-0.03401853368872773,-0.3859155438177967,-0.45543714425494825,-0.45844635869623795,-0.532361792121516,-0.26016883022078935,-0.13007462231252345,-0.4365632734883497,-0.27793057968723917,-0.18484587168822347,-0.45676987538750263,-0.4084671848584752,-0.2412504230027844,0.1523962930757982,0.2283823888359976,0.18994767700429552,0.22841142339877119,0.2284478259330459,0.6975089467018541,0.2209419288880765,0.6971604870337491,0.6977581791901937
Flow IAT Std,-0.17687589977062126,0.2060512414085959,0.7783079589316835,0.7458004046477453,0.5304073277631338,0.7557941683149111,0.497681577009669,-0.18282899527357577,0.4365773388021411,0.5361695026295666,0.743360991804092,-0.18263412905651405,0.6790334666118728,0.7075021739666782,0.15949835843433072,-0.09378374833543017,0.07097062421798207,1.0,0.16754843164311664,-0.6686157394339804,-0.09899683649895415,-0.19418017716402347,0.7454169922259265,-0.1341043490734862,-0.47481571840863046,0.9023931857225859,0.9102681558582506,0.8690267774257281,0.9119151345115184,0.6674953215845694,0.011151019835618342,0.7478132733014458,0.7890848364867595,-0.12451012771831658,0.14794313593110392,-0.18687267061751464,0.7736643649352327,0.5593644860454422,0.7110273518207885,0.7110273518250178,-0.009088716495868761,0.011151019835618342,0.41253783155062995,0.6281906815300593,-0.5522856586288445,-0.024713871977877916,0.41254860255444825,0.35710964121930483,0.5310884098666556,0.4365773388021411,0.6790334666118728,0.7783079589316835,0.5304073277631338,0.7458004046477453,0.7557941683149111,0.16864340685816234,0.544003768174767,0.7678269944734362,0.2496953301333734,0.3821275492216696,0.316625951491683,0.3821266330606582,0.38213297964265386,-0.2708823643383814,0.30245513555431996,-0.2677824070723925,-0.27537433926830385
Flow IAT Max,-0.24913067390562224,0.9815624685689596,-0.01869922139500528,-0.1769883796593336,-0.3399862629684638,-0.09172313266460735,-0.3857881524191341,-0.22629220940086348,-0.4543051374196314,-0.32434913843729635,-0.10435468017180502,-0.23378133518337105,-0.17791465946238935,-0.10791388174345382,-0.7637517747441933,-0.9874704234725081,0.982314916388815,0.16754843164311664,1.0,0.3251244573710468,0.6713126605530211,0.6699966480663684,-0.07848855653260324,0.687161254267928,0.3882037356563234,0.11170894103218679,0.1164700208458081,0.13118132419511203,0.12003353337123517,-0.156713146551759,-0.07260166064776717,-0.019754974915618388,-0.12466599656589178,-0.9912773233883714,-0.7706313273429664,-0.2294552648288232,-0.10553056910309976,-0.34333491257046844,-0.18333326413774303,-0.18333326411861517,-0.03174181563353132,-0.07260166064776717,-0.3318620126629862,-0.28136008835708237,0.4144658528496517,-0.037636683655165974,-0.3318549541002391,-0.40526789146462244,-0.3690847119273797,-0.4543051374196314,-0.17791465946238935,-0.01869922139500528,-0.3399862629684638,-0.1769883796593336,-0.09172313266460735,-0.4037691545774668,-0.3230128895103091,-0.13045934244016044,0.18390141593209405,0.2927746106624342,0.2432542246101903,0.2924669528964607,0.2928111419565599,0.7071703815585698,0.2714382012727042,0.7073050735734152,0.7065966853400737
Flow IAT Min,0.10965835081101,0.2961468213574106,-0.626073872279668,-0.7385680521741209,-0.5818541654672562,-0.7432072212072438,-0.5703099896373097,0.14578405445534257,-0.5604165883862228,-0.6145290203219854,-0.7454957536318454,0.1493516049250648,-0.764192873747209,-0.772140692131712,-0.5580547260227372,-0.40069772719323743,0.41861100929251843,-0.6686157394339804,0.3251244573710468,1.0,0.4170832201445206,0.5021335816621153,-0.6038283266579821,0.4472053649949731,0.6219914838763582,-0.6752076267805923,-0.6763350127801683,-0.6875152120953898,-0.6896239540304486,-0.48445856974986395,0.012252163942095936,-0.6168375903564781,-0.7217840682015224,-0.3681988269336221,-0.5435151341621497,0.14834993397411916,-0.7588808334035276,-0.7055563431538168,-0.793259203694949,-0.7932592038670356,-0.00944189197171768,0.012252163942095936,-0.6102049732998172,-0.7439728718141569,0.678659693117011,0.025517839107902954,-0.610201465726115,-0.5815314011338761,-0.6975302484191827,-0.5604165883862228,-0.764192873747209,-0.626073872279668,-0.5818541654672562,-0.7385680521741209,-0.7432072212072438,-0.4643023269823987,-0.6339972575238729,-0.7095515136044123,-0.12074125086149881,-0.1583340560539805,-0.1558594789338393,-0.15826521814719077,-0.15794068181019488,0.49262121983740187,-0.10390697887761315,0.4909986941026182,0.495115270202068
Fwd IAT Total,-0.2843413181822597,0.7291894599599851,0.08920774857313535,-0.20275953502503194,-0.05867230324663613,-0.2840904298570607,-0.11162653381093363,-0.2597225097255656,-0.17869475572457424,-0.1001860735701097,-0.3061167466571558,-0.2861628891671205,-0.4661346663247196,-0.379988846457626,-0.5713577636332264,-0.664809198301044,0.6515143382911218,-0.09899683649895415,0.6713126605530211,0.4170832201445206,1.0,0.9817587551385369,0.12011528242845848,0.9926013244576992,0.678854581681732,-0.13456149624867578,-0.16602489181656488,-0.19905606770606907,-0.17544327011195657,-0.1813557101768216,-0.0275021921668157,0.07704306823960856,-0.13667791242176355,-0.6480612998353029,-0.619955743111268,-0.26299809967205584,-0.3059461726269357,-0.2325627214280045,-0.4575184850279778,-0.4575184850277132,-0.0344735812151076,-0.0275021921668157,-0.48694933852576505,-0.3489291593375745,0.5022348395040744,-0.040558527231314534,-0.4869392467775383,-0.6457753907589877,-0.2648373908632535,-0.17869475572457424,-0.4661346663247196,0.08920774857313535,-0.05867230324663613,-0.20275953502503194,-0.2840904298570607,-0.1826500887651846,-0.15909268820728323,-0.062430798624459834,0.25609995294773685,0.3297219172298733,0.308292753465166,0.33023117530779283,0.3292953575491164,0.6929027424204744,0.32557494210292437,0.6930232675370659,0.6921363367966121
Fwd IAT Mean,-0.2889386533574951,0.7062060283817087,-0.03237232645855895,-0.301651358843919,-0.17049058648815638,-0.3734595227674476,-0.20663952222933996,-0.2656689238353754,-0.25653161306314876,-0.17549187333793284,-0.3912998089833119,-0.2779109356280742,-0.5340889380381536,-0.4451412975710828,-0.6205594468584201,-0.683129751289537,0.6737689787336973,-0.19418017716402347,0.6699966480663684,0.5021335816621153,0.9817587551385369,1.0,0.008143033536653884,0.9912728762900639,0.7531266020921348,-0.22394340636849147,-0.25304664664140647,-0.28147909330424875,-0.26307973695362463,-0.22975946104197642,-0.03049301211621235,-0.03750554589527609,-0.2366829518207285,-0.6630854421053586,-0.6538810640392082,-0.2686611080063084,-0.3981317143933705,-0.3137197771182747,-0.5318390156427178,-0.5318390156394299,-0.03362056085384753,-0.03049301211621235,-0.513888545181593,-0.4208151776034523,0.5830551570588894,-0.0392541215139672,-0.5138813222156678,-0.6729438508152022,-0.34253770896988456,-0.25653161306314876,-0.5340889380381536,-0.03237232645855895,-0.17049058648815638,-0.301651358843919,-0.3734595227674476,-0.20900197172549068,-0.23331361138276982,-0.18042704787614636,0.2549776055585496,0.22906515228833324,0.20271386431552607,0.2292197287903142,0.2289997357996465,0.6965960123258291,0.2255308832291361,0.6961071511612891,0.6968630502072232
Fwd IAT Std,-0.2941813855121416,0.014176784303000756,0.9151050144026147,0.7685333817486091,0.7941446878848205,0.6525334229931963,0.7673463255194497,-0.3059198942606543,0.7134409629797319,0.8001107102817825,0.6440670854229861,-0.31182257229153354,0.5021944477830146,0.5612314808059476,0.35901214657884056,0.15358998247769678,-0.18331409336564744,0.7454169922259265,-0.07848855653260324,-0.6038283266579821,0.12011528242845848,0.008143033536653884,1.0,0.07715306052663225,-0.3492305381106591,0.7068014140113776,0.677493360287687,0.661398029161468,0.6741552187851688,0.6231410311246304,0.0031093786576580074,0.8923836273671694,0.8258081296659157,0.13558910659712783,0.3078766860703263,-0.305048211259334,0.6728602888440325,0.7190805116309666,0.5486018380090248,0.5486018380117144,-0.01658854121868623,0.0031093786576580074,0.37370587229317764,0.6563898877019225,-0.5147395956554812,-0.028814968635582073,0.3737167027426247,0.1758740246398203,0.688762269472714,0.7134409629797319,0.5021944477830146,0.9151050144026147,0.7941446878848205,0.7685333817486091,0.6525334229931963,0.4175399574297404,0.760679649469289,0.811691142239182,0.36237868896738784,0.3574922748227945,0.3174355280820481,0.35769501388894215,0.35728483732379435,-0.26458568196847315,0.2968789443610796,-0.26176989108720833,-0.2688871116466446
Fwd IAT Max,-0.28955193301984405,0.7293727837400589,0.03821301566670532,-0.24924898344308066,-0.10696225293208877,-0.3190467764278392,-0.152242039308949,-0.2667810133241382,-0.20991312957083605,-0.1294836394790046,-0.3375080807361052,-0.2852463060040548,-0.48879406422797683,-0.40211490618737733,-0.5956734827466547,-0.685045300142304,0.6732618767266763,-0.1341043490734862,0.687161254267928,0.4472053649949731,0.9926013244576992,0.9912728762900639,0.07715306052663225,1.0,0.6992507285168643,-0.16986766405799994,-0.19984270036732696,-0.2313557694287907,-0.20867560849794786,-0.20029728929156154,-0.02738376504226482,0.029612144880067054,-0.18153882360238227,-0.6675512595831057,-0.6376701899694007,-0.26973361157564346,-0.3380620121012083,-0.2618594147778755,-0.4819600286083603,-0.48196002859487824,-0.034119281678482494,-0.02738376504226482,-0.4917612862602461,-0.3776378904352945,0.537891071539335,-0.03827318460327286,-0.491754079688453,-0.6586379756462446,-0.2922073156296716,-0.20991312957083605,-0.48879406422797683,0.03821301566670532,-0.10696225293208877,-0.24924898344308066,-0.3190467764278392,-0.19369128638458832,-0.18805138287495998,-0.1156798559480412,0.26317079145199745,0.2773030782436317,0.24418407375872192,0.27717024672612117,0.27720080174963463,0.7015282633071389,0.264656975347256,0.7014800893131725,0.7010812311372809
Fwd IAT Min,-0.25176502635258746,0.3766080528339588,-0.37087592110196854,-0.4964266682747718,-0.44821431272164397,-0.533116539322799,-0.44826410402879685,-0.22844263840695636,-0.4406265654251367,-0.37302283093604166,-0.546049864399278,-0.24181651235257204,-0.5571258812987467,-0.47171795493896646,-0.49667064372974884,-0.4323254885125145,0.4320127750956741,-0.47481571840863046,0.3882037356563234,0.6219914838763582,0.678854581681732,0.7531266020921348,-0.3492305381106591,0.6992507285168643,1.0,-0.4722518914680326,-0.47823697085543204,-0.4772917051545619,-0.48417392761343336,-0.3913647977031198,-0.033296960798998486,-0.36559310073297674,-0.5108117898042192,-0.4120905030006241,-0.5206147019538205,-0.2310158816649014,-0.5861411247365981,-0.4495927098179562,-0.575087404119158,-0.5750874041187302,-0.03267717310013674,-0.033296960798998486,-0.3662363349622226,-0.45435487102352423,0.5971096583774304,-0.058355440887195555,-0.366239697231631,-0.46225925205100615,-0.45605116082004343,-0.4406265654251367,-0.5571258812987467,-0.37087592110196854,-0.44821431272164397,-0.4964266682747718,-0.533116539322799,-0.06748125328414785,-0.39626917184324373,-0.4360795555912229,0.12798511708174226,-0.04227329173710131,-0.03869800829339691,-0.042163993758624646,-0.042467124408978256,0.5497569560144115,-0.0006135511483753937,0.5485410643992485,0.5515514879277098
Bwd IAT Total,-0.20581347514518764,0.1660931057093244,0.7782258097068833,0.8756250383446126,0.6031248973616476,0.8788231276612728,0.5695145386635421,-0.23565389644940613,0.5058825140251357,0.6205964314422506,0.8685492338794998,-0.21973161614650769,0.7630563499969667,0.794511881094977,0.2525874438399958,-0.04448915326092582,0.02089382127849203,0.9023931857225859,0.11170894103218679,-0.6752076267805923,-0.13456149624867578,-0.22394340636849147,0.7068014140113776,-0.16986766405799994,-0.4722518914680326,1.0,0.9933396797113053,0.9482071464578952,0.9923413577564816,0.7520457138705151,-0.0765509618678326,0.7737808622543018,0.8759688652531339,-0.07489324295892802,0.22902723776970943,-0.2399905585611062,0.8750537946594416,0.6565914581609334,0.7789122031339029,0.778912203116516,-0.021515648759705734,-0.0765509618678326,0.5279204312659619,0.7479168599121058,-0.6316348877781454,-0.032374422582719886,0.5279126449719305,0.43007334366892125,0.6227129192561675,0.5058825140251357,0.7630563499969667,0.7782258097068833,0.6031248973616476,0.8756250383446126,0.8788231276612728,0.3230551642124998,0.6395172521534135,0.8414768728168469,0.21320002671849952,0.329534207781815,0.31259899361523524,0.3301605245039708,0.3289583134626023,-0.2827501535707666,0.2681734005631149,-0.2809839099590012,-0.2857651029055867
Bwd IAT Mean,-0.19876071341439583,0.15938813991483772,0.7529742257314361,0.8449812963793016,0.5675029945891619,0.8602112911920204,0.5396280406458549,-0.22811662450577833,0.4783745832553496,0.5951705150591633,0.8503005254591006,-0.2122947859090214,0.770947178670183,0.80286060562677,0.24320889439389595,-0.05142509065900651,0.028957021870334835,0.9102681558582506,0.1164700208458081,-0.6763350127801683,-0.16602489181656488,-0.25304664664140647,0.677493360287687,-0.19984270036732696,-0.47823697085543204,0.9933396797113053,1.0,0.945200940943512,0.9958126580865108,0.7511129436278673,-0.07651674331991817,0.7484427003969792,0.8468585147015483,-0.0820519622811299,0.22409293627809468,-0.23253607730974926,0.859712357907133,0.6330531183276495,0.7910056531462134,0.7910056531419354,-0.02125056133296829,-0.07651674331991817,0.5419348957461421,0.7400599520631631,-0.6277882672957452,-0.030794111288772377,0.5419271029300959,0.44588683502067933,0.6025695528661948,0.4783745832553496,0.770947178670183,0.7529742257314361,0.5675029945891619,0.8449812963793016,0.8602112911920204,0.31554560791860137,0.60938680259596,0.8140094565021263,0.20889407837030244,0.3239486488519439,0.30758937408777137,0.3245780369788406,0.3234705909717051,-0.2850776077041853,0.2638204434714288,-0.28331249463767416,-0.2880663301671043
Bwd IAT Std,-0.2732728212289246,0.1630642382877465,0.7146569516868113,0.8461998987245571,0.5060214281930022,0.8733432604777843,0.4804008446187561,-0.30881099349306784,0.42049310094072323,0.5683863435350651,0.8672815101122466,-0.2956315489729896,0.7964672634913895,0.85128515990752,0.2200684877110891,-0.062044336541565624,0.04225030822906863,0.8690267774257281,0.13118132419511203,-0.6875152120953898,-0.19905606770606907,-0.28147909330424875,0.661398029161468,-0.2313557694287907,-0.4772917051545619,0.9482071464578952,0.945200940943512,1.0,0.9572119089466066,0.6244596248967156,-0.09017779637506404,0.724788170643818,0.8459026008583911,-0.09785366457842337,0.20322641570189376,-0.30919508680285107,0.8627579838334136,0.6207977589315535,0.8081757616185344,0.8081757616151523,-0.02322581408101742,-0.09017779637506404,0.556264526860591,0.7488762619788454,-0.5926119655256398,-0.02775637945000004,0.5562572290121566,0.49107826281324984,0.5923397930756379,0.42049310094072323,0.7964672634913895,0.7146569516868113,0.5060214281930022,0.8461998987245571,0.8733432604777843,0.3408124043931206,0.5766522686990014,0.7620808194069465,0.2621480263637269,0.3097583294320871,0.3037681770613334,0.31049082968044694,0.30899183259849167,-0.2635145446433412,0.26179778991948954,-0.2617465984691131,-0.266487212219211
Bwd IAT Max,-0.2042266825988757,0.15696976597756976,0.7489569372368976,0.8518124918147502,0.5598835148428843,0.8696746759251751,0.5302194552982707,-0.2339583176576496,0.4694148015976795,0.5881471476699882,0.8593932673877477,-0.21809281318417573,0.7853782692232422,0.8175441302734764,0.24715530420357856,-0.04866386264416863,0.026587329475656542,0.9119151345115184,0.12003353337123517,-0.6896239540304486,-0.17544327011195657,-0.26307973695362463,0.6741552187851688,-0.20867560849794786,-0.48417392761343336,0.9923413577564816,0.9958126580865108,0.9572119089466066,1.0,0.7305775431339486,-0.07632323109467663,0.7451504448957084,0.8506831629215332,-0.08215173933293604,0.22966747226251374,-0.2383219858417575,0.8666782630260208,0.6366133972450663,0.804398675808791,0.8043986758112159,-0.021494267545748076,-0.07632323109467663,0.5427119039978558,0.7462652981775957,-0.6308814548655467,-0.03135725814084711,0.5427041108200946,0.4675766708487321,0.606789172765006,0.4694148015976795,0.7853782692232422,0.7489569372368976,0.5598835148428843,0.8518124918147502,0.8696746759251751,0.32020119707420824,0.6050457469772134,0.8132196471984315,0.21232369510610027,0.3296874909867401,0.31077662575217496,0.3302537312149253,0.32915504021503406,-0.282432858032817,0.2667751108360769,-0.2806252108624267,-0.2854940990525225
